*Vertices 80
28.05799999999999980
34.76800000000000070
17.94600000000000150
8.00099999999999945
0.26400000000000001
118.61599999999999970
10.49500000000000100
0.21299999999999999
7.41400000000000059
159.34600000000000400
29.61700000000000090
14.21000000000000085
1220.51600000000008000
38.54200000000000160
4.49300000000000033
0.74399999999999999
10.32500000000000107
5.22500000000000053
11.46000000000000085
62.28200000000000360
5.66900000000000048
0.76800000000000002
5.10800000000000054
58.02000000000000310
0.14699999999999999
81.66100000000000140
10.48900000000000077
0.42399999999999999
9.97600000000000087
5.65399999999999991
6.22400000000000020
10.22700000000000031
0.26800000000000002
933.66499999999996400
197.46399999999999900
3.60899999999999999
5.56599999999999984
57.33800000000000100
125.47200000000000840
5.73399999999999999
44.94899999999999810
1.68999999999999995
2.53699999999999992
13.74399999999999977
20.10800000000000050
0.37900000000000000
1.11400000000000010
91.14499999999999600
25.96600000000000110
15.45899999999999963
3.67100000000000026
4.42600000000000016
4.34900000000000020
2.15500000000000025
136.24400000000000000
2.63100000000000023
4.82800000000000029
23.53200000000000000
68.35399999999999920
38.60999999999999940
9.85599999999999987
4.37600000000000033
0.65500000000000003
22.73100000000000160
0.07600000000000000
3.32100000000000017
1.98999999999999999
37.46999999999999890
39.56799999999999780
17.92000000000000170
8.80000000000000071
7.14299999999999979
58.60999999999999940
1.26200000000000001
8.94299999999999962
61.27600000000000340
58.30799999999999980
267.01999999999998200
3.21799999999999997
21.84400000000000120
