*Vertices   80
   2.36
   1.33
   1.22
   0.75
   0.55
   1.61
   0.27
   2.59
   2.41
   1.49
   1.27
   1.63
   1.1
   1.95
   -0.11
   1.78
   0.04
   0.33
   2.2
   2.01
   2.07
   1.11
   1.11
   0.45
   4.53
   0.57
   0.52
   1.65
   2.63
   2.95
   1.74
   -0.27
   1.04
   1.86
   1.54
   0.6
   3.55
   0.11
   0.31
   4.32
   0.95
   -4.75
   -1.13
   3.34
   2.39
   1
   1.06
   1.82
   1.63
   0.67
   1.77
   2.91
   0.5
   3.77
   2.68
   1.86
   2.7
   1.74
   2.38
   0.26
   -0.02
   0.05
   1.62
   -0.41
   1.1
   1.92
   0.74
   1.94
   0.13
   1
   0.56
   0.88
   1.06
   0.76
   1.84
   1.77
   0.26
   0.99
   0.71
   2.27
