*Vertices   80
   0.4380682   0.4957265
   0.2159091   0.7749288
   0.8636364   0.7008547
   0.46875     0.411396 
   0.2670454   0.5766382
   0.7301137   0.5071225
   0.45        0.3931624
   0.1352273   0.5259259
   0.2215909   0.6951567
   0.2897727   0.6780627
   0.1363636   0.3304843
   0.1931818   0.7635328
   0.75        0.4643874
   0.2215909   0.5925926
   0.4886364   0.4273504
   0.5142046   0.4700855
   0.4772727   0.4017094
   0.4602273   0.3760684
   0.1761364   0.6210826
   0.5170455   0.5071225
   0.1306818   0.5413105
   0.9886363   0.6951567
   0.5113636   0.3304843
   0.4375      0.4159544
   0.2784091   0.6096866
   0.4659091   0.3988604
   0.5028409   0.4501424
   0.2613636   0.5754986
   0.125       0.5356125
   0.1477273   0.5413105
   0.8125      0.5099715
   0.4829545   0.411396 
   0.3693182   0.3162393
   0.6931818   0.5470086
   0.7869318   0.6210826
   0.4119318   0.3646724
   0.5426136   0.4757835
   0.4715909   0.4358974
   0.875       0.4586895
   0.5568182   0.4814815
   0.84375     0.4615385
   0.5880682   0.4871795
   0.5113636   0.3646724
   0.5852273   0.6837607
   0.8039773   0.5868946
   0.2642046   0.5669516
   0.6164773   0.6962963
   0.0795454   0.5014245
   0.4090909   0.4729345
   0.4488637   0.3846154
   0.9602273   0.8091168
   0.1477273   0.5527065
   0.4602273   0.3418804
   0.6193182   0.5213675
   0.6505682   0.4957265
   0.1761364   0.5754986
   0.2443182   0.7179487
   0.1818182   0.6666666
   0.8352273   0.5498576
   0.4914773   0.3874644
   0.4034091   0.4444444
   0.5113636   0.4159544
   0.6068182   0.7037037
   0.5056818   0.4273504
   0.6306818   0.6341881
   0.7727273   0.5925926
   0.4715909   0.4216524
   0.5085227   0.7179487
   0.4204546   0.4387464
   0.7017046   0.5726496
   0.4801136   0.3532763
   0.4602273   0.4188034
   0.7642046   0.5413105
   0.2613636   0.5868946
   0.4642045   0.4717948
   0.5454546   0.4444444
   0.4289773   0.3732194
   0.1193182   0.4159544
   0.25        0.7578348
   0.2272727   0.5925926
